430.129,180.825
422.245,183.513
418.02,179.097
-1,-1
-1,-1
-1,-1
427.72,179.692
419.448,178.085
424.699,178.884
421.509,180.459
-1,-1
420.914,182.927
432.087,180.961
426.781,177.347
428.53,184.845
426.47,176.017
424.74,179.77
-1,-1
-1,-1
430.687,179.125
421.674,183.866
427.449,183.297
423.062,185.096
420.439,184.544
-1,-1
67.9894,278.998
535.258,150.042
313.986,204.086
583.726,132.796
400.705,183.805
399.67,181.207
-1,-1
620.902,300.766
582.601,281.375
583.928,282.195
396.278,177.374
-1,-1
360.449,196.255
350.14,195.405
347.615,189.985
336.296,192.985
317.226,198
300.245,197.025
303.897,187.479
466.236,292.545
3.91006,43.7741
-1,-1
471.687,272.395
-1,-1
294.034,189.536
282.77,189.828
290.732,188.837
711.109,398.381
-1,-1
-1,-1
-1,-1
471.882,277.838
454.506,262.688
-1,-1
292.228,174.693
277.541,154.055
541.674,297.363
274.166,156.334
417.066,229.403
292.858,149.973
266.764,156.597
281.86,151.079
267.963,153.672
267.868,158.186
280.093,152.86
309.63,130.019
289.881,154.089
289.992,155.749
-1,-1
-1,-1
245.907,185.141
-1,-1
296.943,150.196
294.744,167.816
295.23,154.132
300.206,158.079
-1,-1
307.844,160.937
408.931,85.3863
313.943,153.034
301.867,163.554
-1,-1
-1,-1
303.478,168.901
327.792,151.657
317.257,168.81
319.378,165.824
331.692,158.299
327.982,160.648
319.929,173.152
372.003,130.273
322.337,168.259
-1,-1
330.032,163.139
336.329,173.471
344.535,168.607
344.63,165.044
355.546,158.454
336.827,168.951
455.208,86.2457
353.086,161.046
327.33,188.645
-1,-1
-1,-1
339.877,175.253
346.683,182.195
351.05,172.175
350.24,175.869
351.464,165.537
-1,-1
-1,-1
-1,-1
-1,-1
-1,-1
-1,-1
-1,-1
261.124,239.728
613.527,73.5361
627.86,60.3236
607.551,98.1675
545.055,107.311
540.907,117.39
488.431,149.242
476.757,136.935
449.584,212.833
426.269,85.9002
355.411,187.694
350.24,194.384
-1,-1
-1,-1
-1,-1
530.035,297.805
193.455,304.223
324.029,187.206
388.857,141.651
-1,-1
325.128,192.24
407.925,244.607
325.475,189.279
-1,-1
381.094,228.013
315.146,183.427
310.098,186.447
308.436,173.56
315.1,181.036
307.401,174.116
305.966,186.16
-1,-1
-1,-1
311.051,190.485
362.01,228.043
299.627,192.066
297.155,193.288
294.473,191.347
288.063,190.464
290.294,182.875
298.707,186.051
299.734,183.527
301.387,179.028
-1,-1
-1,-1
711.111,291.238
301.527,190.7
296.764,182.52
-1,-1
294.225,188.956
329.052,200.017
305.515,192.787
296.003,193.293
278.105,155.975
227.143,135.728
-1,-1
-1,-1
-1,-1
-1,-1
-1,-1
296.154,179.642
297.542,183.966
295.389,181.58
-1,-1
289.728,172.656
284.156,171.182
282.903,178.145
281.262,178.608
-1,-1
289.888,192.164
-1,-1
280.032,184.433
299.601,191.426
298.46,194.557
300.639,187.292
462.458,303.061
300.121,192.213
313.163,196.936
310.758,200.382
-1,-1
305.507,199.893
304.567,190.523
296.469,199.54
296.072,192.418
306.306,193.643
-1,-1
316.565,194.809
-1,-1
314.166,196.489
93.3047,134.444
-1,-1
33.129,120.526
-1,-1
311.29,184.852
302.818,182.042
296.076,181.109
300.149,186.42
301.597,184.425
312.796,196.269
308.123,184.403
319.814,190.1
-1,-1
-1,-1
-1,-1
311.589,185.793
318.782,186.855
324.867,184.471
329.682,188.206
347.251,185.327
340.887,181.378
-1,-1
369.286,183.986
251.9,158.451
240.515,285.643
376.668,191.139
384.809,188.924
380.577,191.328
378.63,196.759
369.336,186.369
362.52,188.273
341.241,161.206
481.528,265.502
363.542,177.634
-1,-1
366.368,177.415
-1,-1
372.755,189.342
372.472,189.751
299.161,244.198
377.237,191.874
377.134,189.526
380.896,189.049
349.652,183.128
385.214,201.282
376.333,193.509
377.431,198.585
371.301,187.47
362.445,188.121
-1,-1
382.621,193.123
383.011,189.479
392.766,192.771
385.582,189.115
385.721,189.943
390.737,181.054
396.855,188.346
-1,-1
398.964,186.576
398.893,183.648
-1,-1
415.185,181.065
431.343,194.2
402.37,182.527
404.032,191.724
401.16,198.508
393.053,198.821
394.886,195.309
397.721,193.258
403.109,190.128
-1,-1
397.57,196.734
400.301,186.561
199.672,329.531
396.976,186.136
400.594,183.19
399.405,190.638
-1,-1
-1,-1
398.321,190.173
391.596,189.45
396.863,189.413
396.019,191.192
393.29,184.757
402.144,189.372
397.903,187.395
407.328,190.671
-1,-1
405.68,194.267
-1,-1
501.175,115.384
398.306,186.048
400.833,186.15
402.152,188.9
394.269,187.251
-1,-1
394.264,187.925
391.554,188.119
398.445,186.036
385.349,185.619
388.555,186.91
-1,-1
404.245,187.685
400.678,190.934
395.925,189.009
398.352,188.515
404.075,190.308
401.233,190.608
396.706,182.824
382.705,178.273
389.728,180.376
375.261,185.203
383.436,192.585
387.921,185.266
-1,-1
385.402,174.499
387.535,190.952
-1,-1
-1,-1
551.477,302.638
-1,-1
393.776,178.35
385.542,185.111
394.274,186.943
392.519,187.678
-1,-1
396.811,185.455
387.485,181.885
459.35,208.578
394.464,179.501
-1,-1
-1,-1
388.461,184.858
386.859,184.898
391.972,185.402
390.66,191.464
396.906,190.555
393.935,189.824
381.365,180.106
393.936,188.92
-1,-1
388.626,187.618
390.535,183.172
440.011,218.625
-1,-1
542.266,279.674
393.216,185.095
389.718,186.437
383.43,187.256
-1,-1
437.201,151.735
394.729,184.02
398.095,186.85
-1,-1
405.014,190.705
396.918,192.217
411.343,197.223
-1,-1
231.999,316.773
380.652,199.367
264.668,291.449
302.157,264.929
289.574,273.606
399.274,187.11
403.214,178.183
-1,-1
407.307,189.752
399.971,191.669
403.061,193.86
401.692,192.17
403.674,187.872
323.713,123.319
-1,-1
318.507,256.586
396.207,199.882
407.867,189.192
409.479,193.776
409.038,194.35
413.542,198.346
417.652,195.751
390.365,206.665
308.173,253.399
404.965,191.723
409.33,190.429
410.126,189.363
240.665,298.327
402.208,190.137
399.12,187.728
402.827,181.019
403.925,194.83
248.314,69.1996
236.678,298.222
-1,-1
384.874,182.078
384.098,186.421
389.562,180.193
387.069,179.014
384.137,190.749
-1,-1
397.225,196.916
-1,-1
512.82,75.4227
-1,-1
-1,-1
308.702,256.852
402.291,175.675
655.809,328.081
502.762,235.645
558.49,269.446
307.44,274.232
381.137,200.301
-1,-1
351.387,148.344
573.7,286.924
590.892,288.936
-1,-1
414.235,180.748
-1,-1
-1,-1
434.762,188.154
431.811,179.654
337.042,122.081
443.785,187.913
316.898,270.816
425.152,191.618
-1,-1
435.235,186.413
-1,-1
-1,-1
427.954,188.579
421.979,181.958
429.108,177.788
383.824,210.75
296.78,272.544
-1,-1
422.423,178.867
414.876,180.452
416.093,180.783
467.916,219.37
515.492,249.198
580.522,312.525
457.372,153.851
373.329,201.989
495.318,121.02
401.916,184.86
404.342,177.352
409.845,182.685
-1,-1
482.627,239.804
-1,-1
399.277,169.66
403.928,184.611
404.5,173.505
-1,-1
-1,-1
392.622,185.053
404.859,178.393
399.853,173.063
-1,-1
443.055,206.21
-1,-1
409.941,176.441
398.622,179.658
399.442,182.605
398.922,180.54
-1,-1
371.35,152.141
409.075,176.911
-1,-1
-1,-1
397.476,178.834
397.889,177.797
599.21,321.78
404.605,177.668
401.041,179.791
-1,-1
-1,-1
405.44,178.581
401.982,180.739
-1,-1
325.413,134.111
396.804,182.265
399.744,177.365
294.683,98.3865
393.174,183.047
-1,-1
-1,-1
393.971,189.851
-1,-1
-1,-1
401.442,185.054
415.482,178.022
412.224,185.783
414.18,172.568
401.518,180.447
-1,-1
407.142,175.82
410.582,182.332
-1,-1
336.188,122.073
286.041,86.4332
-1,-1
-1,-1
-1,-1
-1,-1
414.633,190.014
418.281,186.872
422.626,187.319
380.32,152.362
-1,-1
423.061,182.323
410.117,185.952
-1,-1
421.532,180.937
413.275,193.787
411.102,191.197
418.012,196.357
413.591,190.919
295.442,120.513
410.284,203.025
-1,-1
413.837,199.976
413.244,198.7
432.712,188.724
417.855,195.46
-1,-1
419.348,186.004
415.68,186.654
417.445,180.018
305.821,91.1659
381.565,156.889
-1,-1
251.134,289.69
483.965,142.529
421.232,185.952
422.787,187.132
416.987,179.156
-1,-1
421.722,183.906
431.008,184.597
406.832,179.806
411.292,181.743
410.808,174.51
413.799,174.422
408.34,172.649
429.593,170.426
418.058,174.569
242.918,286.836
424.666,174.516
412.307,174.945
423.837,171.498
534.566,272.116
431.538,167.667
420.031,171.263
420.759,174.011
-1,-1
